12686 12685 echo 24
12685 12684 echo 23
12684 12683 echo 22
12683 12682 echo 21
12682 12681 echo 20
12681 12680 echo 19
12680 12679 echo 18
12679 12678 echo 17
12678 12677 echo 16
12677 12676 echo 15
12676 12675 echo 14
12675 12674 echo 13
12674 12673 echo 12
12673 12672 echo 11
12672 12671 echo 10
12671 12670 echo 9
12670 12669 echo 8
12669 12668 echo 7
12668 12667 echo 6
12667 12666 echo 5
12666 12665 echo 4
12665 12664 echo 3
12664 12663 echo 2
12663 12662 echo 1
12662 12661 echo 0
12714 12713 echo 24
12713 12712 echo 23
12712 12711 echo 22
12711 12710 echo 21
12710 12709 echo 20
12709 12708 echo 19
12708 12707 echo 18
12707 12706 echo 17
12706 12705 echo 16
12705 12704 echo 15
12704 12703 echo 14
12703 12702 echo 13
12702 12701 echo 12
12701 12700 echo 11
12700 12699 echo 10
12699 12698 echo 9
12698 12697 echo 8
12697 12696 echo 7
12696 12695 echo 6
12695 12694 echo 5
12694 12693 echo 4
12693 12692 echo 3
12692 12691 echo 2
12691 12690 echo 1
12690 12689 echo 0
